500 2980

1 2
1 3
1 4
1 5
1 6
1 7
1 8
1 9
1 10
1 11
1 12
1 13
1 14
1 15
1 16
1 17
1 18
1 19
1 20
1 21
1 22
1 23
1 24
1 25
1 26
1 27
1 28
1 29
1 30
1 31
1 32
1 33
1 34
1 35
1 36
1 37
1 38
1 39
1 40
1 41
1 42
1 43
1 44
1 45
1 46
1 47
1 48
1 49
1 50
1 51
1 52
1 53
1 54
1 55
1 56
1 57
1 58
1 59
1 60
1 61
1 62
1 63
1 64
1 65
1 66
1 67
1 68
1 69
1 70
1 71
1 72
1 73
1 74
1 75
1 76
1 77
1 78
1 79
1 80
1 81
1 82
1 83
1 84
1 85
1 86
1 87
1 88
1 89
1 90
1 91
1 92
1 93
1 94
1 95
1 96
1 97
1 98
1 99
1 100
1 101
1 102
1 103
1 104
1 105
1 106
1 107
1 108
1 109
1 110
1 111
1 112
1 113
1 114
1 115
1 116
1 117
1 118
1 119
1 120
1 121
1 122
1 123
1 124
1 125
1 126
1 127
1 128
1 129
1 130
1 131
1 132
1 133
1 134
1 135
1 136
1 137
1 138
1 139
1 140
1 141
1 142
1 143
1 144
1 145
1 146
2 3
2 4
2 5
2 6
2 7
2 8
2 9
2 10
2 11
2 12
2 13
2 14
2 15
2 16
2 17
2 18
2 19
2 20
2 21
2 22
2 23
2 25
2 26
2 27
2 28
2 29
2 30
2 31
2 32
2 33
2 34
2 35
2 36
2 37
2 39
2 40
2 41
2 42
2 43
2 44
2 46
2 47
2 48
2 49
2 50
2 51
2 52
2 53
2 54
2 55
2 56
2 57
2 58
2 59
2 60
2 61
2 62
2 63
2 64
2 65
2 66
2 67
2 68
2 69
2 70
2 71
2 73
2 74
2 75
2 77
2 78
2 79
2 80
2 81
2 82
2 83
2 85
2 86
2 87
2 90
2 91
2 92
2 93
2 94
2 95
2 97
2 98
2 99
2 100
2 102
2 104
2 105
2 108
2 109
2 113
2 117
2 118
2 119
2 121
2 126
2 128
2 130
2 138
2 147
2 148
2 149
2 150
2 151
2 152
2 153
2 154
2 155
2 156
2 157
2 158
2 159
2 160
2 161
2 162
2 163
2 164
2 165
2 166
2 167
2 168
2 169
2 170
2 171
2 172
2 173
2 174
2 175
2 176
2 177
2 178
3 4
3 5
3 6
3 7
3 8
3 9
3 10
3 11
3 12
3 13
3 14
3 15
3 16
3 17
3 18
3 19
3 20
3 21
3 22
3 23
3 24
3 25
3 26
3 27
3 28
3 29
3 30
3 31
3 32
3 33
3 34
3 35
3 36
3 37
3 38
3 39
3 40
3 41
3 42
3 43
3 44
3 46
3 47
3 48
3 49
3 50
3 51
3 52
3 54
3 55
3 56
3 57
3 58
3 59
3 60
3 61
3 62
3 63
3 64
3 65
3 66
3 69
3 71
3 72
3 73
3 75
3 77
3 78
3 79
3 80
3 81
3 82
3 83
3 84
3 88
3 89
3 90
3 93
3 94
3 98
3 101
3 102
3 104
3 106
3 107
3 111
3 123
3 126
3 130
3 132
3 147
3 148
3 149
3 151
3 152
3 154
3 156
3 171
3 173
3 179
3 180
3 181
3 182
3 183
3 184
3 185
3 186
3 187
3 188
3 189
3 190
3 191
3 192
3 193
3 194
3 195
3 196
3 197
3 198
3 199
3 200
3 201
3 202
3 203
3 204
3 205
3 206
3 207
3 208
3 209
4 5
4 6
4 7
4 8
4 9
4 10
4 11
4 12
4 13
4 14
4 15
4 17
4 18
4 19
4 20
4 21
4 22
4 23
4 24
4 25
4 27
4 28
4 29
4 30
4 31
4 32
4 33
4 34
4 35
4 36
4 37
4 38
4 39
4 40
4 42
4 43
4 44
4 46
4 47
4 48
4 49
4 51
4 52
4 55
4 60
4 63
4 66
4 75
4 94
4 130
4 147
4 148
4 149
4 179
4 183
4 210
4 211
4 212
4 213
4 214
4 215
4 216
4 217
4 218
4 219
4 220
4 221
4 222
4 223
4 224
4 225
4 226
4 227
5 6
5 7
5 8
5 9
5 10
5 11
5 12
5 13
5 14
5 15
5 17
5 18
5 19
5 20
5 21
5 22
5 23
5 24
5 25
5 26
5 27
5 28
5 29
5 30
5 31
5 32
5 33
5 34
5 35
5 36
5 37
5 38
5 39
5 40
5 41
5 42
5 43
5 44
5 46
5 47
5 48
5 49
5 50
5 51
5 52
5 53
5 58
5 59
5 60
5 62
5 63
5 64
5 65
5 66
5 72
5 75
5 78
5 83
5 94
5 147
5 148
5 149
5 150
5 152
5 173
5 179
5 180
5 183
5 190
5 195
5 212
5 213
5 215
5 216
5 217
5 218
5 219
5 221
5 222
5 228
5 229
5 230
5 231
5 232
5 233
5 234
5 235
6 7
6 8
6 9
6 10
6 11
6 12
6 13
6 14
6 15
6 16
6 17
6 18
6 19
6 20
6 21
6 22
6 23
6 24
6 25
6 26
6 27
6 28
6 29
6 30
6 31
6 32
6 33
6 34
6 35
6 36
6 37
6 39
6 40
6 42
6 43
6 44
6 46
6 47
6 48
6 49
6 50
6 51
6 52
6 55
6 57
6 60
6 62
6 63
6 65
6 66
6 75
6 78
6 83
6 94
6 97
6 119
6 126
6 130
6 147
6 148
6 149
6 150
6 151
6 154
6 156
6 157
6 162
6 163
6 171
6 173
6 180
6 183
6 184
6 190
6 195
6 203
6 206
6 211
6 212
6 213
6 214
6 216
6 228
6 229
6 230
6 232
6 236
6 237
6 238
6 239
6 240
6 241
6 242
6 243
6 244
6 245
6 246
6 247
6 248
6 249
6 250
6 251
6 252
6 253
6 254
6 255
6 256
6 257
6 258
6 259
6 260
6 261
6 262
6 263
6 264
6 265
6 266
7 8
7 9
7 10
7 11
7 12
7 13
7 14
7 15
7 16
7 17
7 18
7 19
7 20
7 21
7 22
7 23
7 24
7 25
7 26
7 27
7 28
7 29
7 30
7 31
7 32
7 33
7 35
7 36
7 37
7 39
7 40
7 41
7 42
7 43
7 44
7 46
7 47
7 48
7 49
7 50
7 51
7 52
7 53
7 54
7 55
7 57
7 58
7 59
7 62
7 63
7 65
7 66
7 68
7 69
7 73
7 75
7 77
7 78
7 82
7 83
7 86
7 87
7 88
7 94
7 97
7 99
7 103
7 119
7 121
7 126
7 130
7 147
7 148
7 149
7 150
7 151
7 154
7 155
7 156
7 157
7 158
7 159
7 160
7 161
7 162
7 163
7 164
7 165
7 166
7 167
7 168
7 171
7 174
7 175
7 185
7 195
7 214
7 216
7 228
7 236
7 238
7 240
7 247
7 267
7 268
7 269
7 270
7 271
7 272
7 273
7 274
7 275
7 276
7 277
7 278
7 279
7 280
7 281
7 282
7 283
7 284
7 285
7 286
7 287
8 9
8 10
8 11
8 12
8 13
8 14
8 15
8 16
8 17
8 18
8 19
8 20
8 21
8 22
8 24
8 25
8 26
8 27
8 28
8 29
8 30
8 31
8 32
8 33
8 34
8 35
8 36
8 37
8 39
8 40
8 41
8 42
8 44
8 46
8 49
8 50
8 51
8 53
8 54
8 55
8 56
8 57
8 58
8 59
8 61
8 62
8 64
8 67
8 68
8 69
8 70
8 71
8 72
8 73
8 74
8 77
8 78
8 79
8 80
8 81
8 82
8 85
8 86
8 87
8 88
8 91
8 92
8 95
8 96
8 97
8 99
8 100
8 103
8 104
8 105
8 108
8 109
8 117
8 119
8 121
8 130
8 147
8 148
8 151
8 153
8 154
8 155
8 156
8 158
8 159
8 160
8 161
8 164
8 167
8 170
8 172
8 176
8 214
8 288
8 289
8 290
8 291
8 292
8 293
8 294
8 295
8 296
9 10
9 11
9 12
9 13
9 14
9 15
9 17
9 18
9 19
9 20
9 21
9 22
9 23
9 24
9 25
9 26
9 27
9 28
9 29
9 30
9 31
9 32
9 33
9 34
9 35
9 36
9 37
9 38
9 39
9 40
9 41
9 42
9 43
9 44
9 46
9 47
9 48
9 49
9 50
9 51
9 52
9 58
9 59
9 60
9 61
9 62
9 63
9 64
9 65
9 66
9 68
9 72
9 75
9 94
9 148
9 149
9 152
9 180
9 181
9 182
9 183
9 184
9 195
9 212
9 237
9 297
10 11
10 12
10 13
10 14
10 15
10 16
10 17
10 18
10 19
10 20
10 21
10 22
10 23
10 24
10 25
10 26
10 27
10 28
10 29
10 30
10 31
10 32
10 33
10 35
10 36
10 37
10 38
10 39
10 40
10 41
10 42
10 43
10 44
10 46
10 47
10 48
10 49
10 50
10 51
10 52
10 54
10 55
10 57
10 59
10 61
10 62
10 63
10 64
10 65
10 69
10 72
10 73
10 75
10 77
10 78
10 82
10 83
10 91
10 97
10 98
10 99
10 104
10 106
10 117
10 119
10 121
10 147
10 151
10 154
10 156
10 157
10 163
10 169
10 170
10 174
10 179
10 192
10 271
10 295
10 298
10 299
10 300
10 301
10 302
10 303
10 304
10 305
10 306
10 307
11 12
11 13
11 14
11 15
11 16
11 17
11 18
11 19
11 20
11 21
11 22
11 23
11 25
11 26
11 27
11 28
11 29
11 30
11 31
11 32
11 33
11 34
11 35
11 36
11 37
11 39
11 40
11 41
11 42
11 43
11 44
11 45
11 46
11 47
11 48
11 49
11 51
11 52
11 54
11 55
11 56
11 57
11 59
11 60
11 61
11 62
11 63
11 64
11 65
11 66
11 69
11 71
11 72
11 73
11 75
11 78
11 79
11 80
11 81
11 82
11 83
11 84
11 88
11 90
11 91
11 93
11 94
11 98
11 101
11 102
11 105
11 106
11 107
11 110
11 126
11 130
11 132
11 147
11 148
11 171
11 173
11 181
11 182
11 184
11 185
11 186
11 187
11 188
11 189
11 190
11 191
11 193
11 194
11 195
11 203
11 308
11 309
11 310
11 311
12 13
12 14
12 15
12 16
12 17
12 18
12 19
12 20
12 21
12 22
12 24
12 25
12 26
12 27
12 28
12 30
12 31
12 32
12 36
12 37
12 39
12 40
12 41
12 44
12 46
12 50
12 51
12 53
12 54
12 56
12 57
12 58
12 59
12 61
12 64
12 67
12 68
12 69
12 70
12 71
12 72
12 73
12 74
12 79
12 80
12 81
12 82
12 84
12 85
12 88
12 89
12 90
12 91
12 92
12 93
12 95
12 96
12 98
12 100
12 102
12 105
12 107
12 108
12 112
12 113
12 114
12 116
12 120
12 122
12 123
12 127
12 131
12 133
12 134
12 136
12 137
12 140
12 146
12 312
12 313
12 314
12 315
12 316
13 14
13 15
13 17
13 18
13 19
13 20
13 21
13 22
13 23
13 24
13 27
13 28
13 29
13 30
13 32
13 33
13 36
13 37
13 39
13 42
13 43
13 51
13 55
13 59
13 66
13 94
13 130
13 147
13 148
13 149
13 179
13 180
13 183
13 195
13 210
13 211
13 212
13 213
13 215
13 216
13 217
13 218
13 219
13 317
13 318
13 319
13 320
13 321
13 322
13 323
14 15
14 17
14 18
14 20
14 21
14 22
14 23
14 24
14 26
14 27
14 28
14 29
14 30
14 32
14 33
14 34
14 35
14 36
14 40
14 42
14 43
14 48
14 52
14 55
14 66
14 94
14 147
14 148
14 149
14 150
14 152
14 179
14 180
14 183
14 195
14 213
14 214
14 215
14 220
14 228
14 233
14 236
14 237
14 267
14 268
14 269
14 317
14 324
14 325
14 326
14 327
14 328
14 329
14 330
14 331
14 332
14 333
14 334
14 335
14 336
14 337
14 338
15 16
15 17
15 18
15 19
15 20
15 21
15 22
15 23
15 24
15 25
15 26
15 27
15 28
15 29
15 30
15 31
15 32
15 36
15 37
15 39
15 40
15 41
15 44
15 46
15 50
15 51
15 53
15 54
15 56
15 57
15 58
15 59
15 61
15 64
15 67
15 68
15 69
15 70
15 71
15 73
15 74
15 76
15 80
15 81
15 82
15 85
15 86
15 87
15 90
15 91
15 95
15 105
15 108
15 114
15 118
15 122
15 128
15 137
15 138
15 153
15 288
15 289
15 291
15 292
15 339
15 340
15 341
15 342
15 343
15 344
15 345
15 346
15 347
15 348
15 349
16 18
16 19
16 20
16 21
16 22
16 24
16 25
16 26
16 28
16 30
16 31
16 32
16 36
16 37
16 38
16 39
16 40
16 41
16 44
16 46
16 51
16 53
16 54
16 56
16 57
16 58
16 59
16 61
16 64
16 67
16 68
16 69
16 70
16 71
16 73
16 74
16 79
16 80
16 81
16 85
16 86
16 90
16 92
16 98
16 108
16 114
16 122
16 130
16 153
16 164
16 339
16 340
16 341
16 342
16 344
16 348
16 350
17 18
17 19
17 20
17 21
17 22
17 23
17 24
17 25
17 26
17 27
17 28
17 30
17 31
17 32
17 33
17 34
17 35
17 36
17 37
17 39
17 40
17 41
17 42
17 44
17 46
17 47
17 49
17 50
17 51
17 53
17 54
17 55
17 56
17 57
17 58
17 59
17 61
17 62
17 64
17 65
17 67
17 68
17 69
17 70
17 71
17 73
17 74
17 77
17 78
17 79
17 80
17 81
17 82
17 86
17 87
17 90
17 91
17 92
17 96
17 112
17 124
17 130
17 147
17 153
17 171
17 173
17 340
17 342
17 344
17 351
18 19
18 20
18 21
18 22
18 23
18 24
18 25
18 26
18 27
18 28
18 29
18 30
18 31
18 32
18 33
18 36
18 37
18 38
18 39
18 40
18 41
18 44
18 46
18 47
18 48
18 49
18 50
18 51
18 53
18 54
18 56
18 57
18 58
18 59
18 61
18 62
18 63
18 64
18 65
18 66
18 67
18 68
18 69
18 70
18 71
18 72
18 73
18 74
18 75
18 76
18 77
18 78
18 79
18 80
18 81
18 82
18 83
18 84
18 85
18 86
18 87
18 89
18 90
18 91
18 92
18 93
18 95
18 96
18 99
18 100
18 103
18 104
18 105
18 108
18 109
18 111
18 112
18 113
18 116
18 117
18 118
18 122
18 124
18 125
18 128
18 129
18 130
18 151
18 153
18 154
18 155
18 158
18 159
18 160
18 288
18 339
18 352
19 20
19 21
19 22
19 23
19 24
19 25
19 26
19 28
19 29
19 30
19 31
19 32
19 36
19 37
19 38
19 39
19 40
19 41
19 44
19 46
19 47
19 48
19 49
19 50
19 51
19 53
19 54
19 56
19 57
19 58
19 59
19 61
19 62
19 64
19 67
19 68
19 70
19 71
19 73
19 76
19 84
19 88
19 89
19 93
19 100
19 103
19 111
19 114
19 115
19 121
19 124
19 125
19 129
19 288
19 353
20 21
20 22
20 23
20 24
20 25
20 26
20 27
20 28
20 29
20 30
20 31
20 32
20 35
20 36
20 37
20 40
20 41
20 44
20 46
20 51
20 56
20 57
20 58
20 61
20 68
20 69
20 70
20 71
20 74
20 76
20 85
20 86
20 87
20 90
20 92
20 95
20 153
20 214
20 292
20 339
20 340
20 341
20 344
20 350
20 354
20 355
20 356
20 357
20 358
21 22
21 24
21 25
21 26
21 27
21 28
21 29
21 30
21 31
21 32
21 36
21 37
21 39
21 40
21 41
21 42
21 44
21 46
21 50
21 51
21 53
21 56
21 57
21 58
21 59
21 61
21 62
21 64
21 67
21 68
21 69
21 70
21 71
21 72
21 73
21 74
21 77
21 80
21 81
21 82
21 85
21 86
21 87
21 90
21 91
21 95
21 99
21 100
21 104
21 105
21 108
21 109
21 116
21 117
21 118
21 122
21 137
21 140
21 146
21 151
21 153
21 154
21 158
21 159
21 161
21 289
21 290
21 291
21 292
21 341
21 343
21 345
21 347
21 352
21 359
21 360
21 361
21 362
21 363
21 364
21 365
21 366
21 367
21 368
21 369
21 370
21 371
21 372
21 373
21 374
22 23
22 24
22 25
22 26
22 29
22 30
22 31
22 32
22 37
22 38
22 39
22 40
22 41
22 44
22 46
22 47
22 48
22 49
22 50
22 51
22 53
22 54
22 56
22 57
22 58
22 59
22 61
22 64
22 65
22 67
22 68
22 69
22 70
22 71
22 72
22 74
22 76
22 82
22 84
22 87
22 90
22 105
22 288
22 339
22 343
22 344
22 351
22 359
22 375
23 27
23 28
23 29
23 32
23 33
23 34
23 35
23 42
23 43
23 47
23 48
23 49
23 52
23 55
23 60
23 62
23 63
23 65
23 66
23 75
23 78
23 94
23 126
23 147
23 148
23 149
23 150
23 152
23 183
23 195
23 212
23 214
23 220
23 228
23 229
23 236
23 237
23 238
23 239
23 241
23 243
23 268
23 269
23 320
23 326
23 329
23 330
23 376
23 377
24 25
24 26
24 27
24 30
24 31
24 32
24 34
24 35
24 37
24 38
24 40
24 41
24 44
24 46
24 48
24 50
24 51
24 53
24 57
24 58
24 59
24 62
24 64
24 67
24 72
24 73
24 76
24 77
24 78
24 83
24 84
24 91
24 96
24 97
24 99
24 103
24 109
24 151
24 154
24 169
24 353
25 26
25 28
25 29
25 30
25 31
25 32
25 36
25 37
25 38
25 39
25 40
25 41
25 44
25 46
25 47
25 48
25 49
25 50
25 51
25 53
25 54
25 56
25 57
25 59
25 64
25 67
25 76
25 88
25 89
25 96
25 110
25 111
25 115
25 124
25 125
25 129
25 288
25 378
26 29
26 30
26 31
26 32
26 36
26 37
26 39
26 40
26 41
26 44
26 46
26 50
26 51
26 53
26 54
26 56
26 58
26 59
26 61
26 62
26 67
26 68
26 70
26 71
26 73
26 74
26 77
26 78
26 80
26 81
26 82
26 86
26 87
26 90
26 93
26 102
26 105
26 114
26 153
26 340
26 343
26 344
27 28
27 29
27 32
27 33
27 34
27 35
27 36
27 38
27 39
27 40
27 42
27 43
27 47
27 48
27 49
27 60
27 66
27 147
27 149
27 179
27 195
28 29
28 30
28 31
28 32
28 33
28 34
28 35
28 36
28 37
28 39
28 40
28 41
28 44
28 46
28 47
28 50
28 51
28 53
28 54
28 57
28 58
28 59
28 61
28 64
28 67
28 68
28 69
28 70
28 71
28 73
28 74
28 79
28 80
28 81
28 82
28 85
28 86
28 87
28 90
28 95
28 105
28 108
28 122
28 128
28 150
28 152
28 153
28 289
28 291
28 367
28 370
29 30
29 31
29 34
29 35
29 37
29 39
29 41
29 50
29 52
29 53
29 55
29 56
29 57
29 58
29 61
29 68
29 70
29 74
29 152
29 153
30 31
30 36
30 37
30 39
30 40
30 41
30 50
30 54
30 57
30 89
30 96
30 115
30 130
30 351
30 378
31 32
31 36
31 37
31 39
31 40
31 41
31 44
31 50
31 51
31 53
31 54
31 67
31 76
31 89
31 92
31 96
31 110
31 115
31 288
31 378
32 33
32 34
32 35
32 36
32 37
32 38
32 39
32 40
32 41
32 42
32 43
32 44
32 47
32 48
32 49
32 51
32 53
32 57
32 62
32 63
32 65
32 67
32 72
32 75
32 78
32 83
32 92
32 98
32 154
32 156
32 163
32 245
32 255
32 326
32 379
32 380
32 381
32 382
33 34
33 35
33 42
33 43
33 48
33 52
33 55
33 66
33 94
33 147
33 148
33 149
33 150
33 180
33 183
33 195
33 213
33 215
33 228
33 237
33 268
33 317
33 318
33 319
33 383
33 384
33 385
34 35
34 38
34 39
34 40
34 42
34 43
34 48
34 52
34 147
34 148
34 149
34 150
34 152
34 179
34 180
34 211
34 319
35 42
35 47
35 52
35 66
35 94
35 147
35 148
35 149
35 179
35 180
35 195
35 212
36 37
36 39
36 40
36 41
36 44
36 46
36 47
36 49
36 51
36 54
36 56
36 57
36 59
36 62
36 63
36 64
36 65
36 72
36 77
36 78
36 80
36 82
36 83
36 84
36 88
36 89
36 91
36 93
36 97
36 98
36 102
36 106
36 107
36 110
36 111
36 113
36 116
36 117
36 123
36 129
36 132
36 135
36 142
36 151
36 156
36 169
36 187
36 189
36 192
36 216
36 298
36 299
36 386
36 387
36 388
36 389
37 39
37 40
37 41
37 44
37 46
37 50
37 51
37 53
37 54
37 56
37 57
37 58
37 59
37 61
37 67
37 68
37 69
37 70
37 73
37 74
37 76
37 77
37 79
37 80
37 82
37 85
37 86
37 87
37 91
37 92
37 95
37 96
37 104
37 105
37 151
37 153
38 39
38 40
38 45
38 47
38 48
38 49
38 60
38 63
38 64
38 65
38 72
38 84
38 101
38 182
38 185
39 40
39 44
39 45
39 54
39 64
39 72
39 88
39 106
40 41
40 44
40 46
40 47
40 49
40 50
40 51
40 52
40 53
40 54
40 56
40 63
40 64
40 65
40 67
40 72
40 76
40 116
40 203
41 46
41 47
41 49
41 50
41 51
41 54
41 61
41 71
41 80
41 81
41 87
41 112
41 315
42 43
42 52
42 147
42 179
42 228
43 49
43 52
43 59
43 65
43 94
43 147
43 149
43 180
43 195
43 318
43 319
44 46
44 51
44 54
44 57
44 59
44 73
44 96
44 104
44 109
44 353
45 47
45 48
45 49
45 60
45 63
45 65
45 72
45 181
45 182
45 184
46 50
46 51
46 57
46 73
46 77
47 49
47 60
47 181
47 182
47 185
48 60
48 65
48 66
48 75
48 181
48 182
48 184
48 190
48 195
48 230
48 244
48 390
48 391
48 392
48 393
48 394
48 395
49 60
49 185
49 195
50 51
50 56
50 58
50 68
50 70
50 74
51 57
51 59
51 62
51 73
51 77
51 78
51 97
51 103
51 151
51 155
51 158
51 160
51 167
51 168
51 172
51 176
51 195
51 280
51 396
52 147
52 268
53 68
53 76
53 340
53 344
53 350
54 61
54 64
54 76
54 89
54 312
55 267
55 324
55 397
55 398
55 399
55 400
55 401
55 402
55 403
55 404
55 405
55 406
55 407
55 408
55 409
55 410
55 411
55 412
55 413
56 76
56 89
56 288
57 115
57 288
58 68
58 70
58 74
58 85
58 87
58 289
59 64
59 73
59 91
60 181
60 182
60 195
61 69
61 114
62 195
63 65
63 75
64 93
65 75
67 68
68 70
68 74
68 76
68 85
68 86
68 87
68 95
68 153
68 289
68 339
68 340
68 348
68 414
70 74
70 87
70 289
71 92
74 87
74 289
74 292
74 341
77 103
78 151
78 195
79 127
80 90
80 112
81 127
84 132
85 95
85 291
85 345
86 339
87 288
87 342
87 344
88 89
92 288
93 132
95 138
95 289
95 351
97 119
100 296
103 176
108 122
111 129
115 378
119 121
121 170
124 125
132 387
135 189
135 386
138 351
138 375
141 144
142 187
142 389
147 179
147 180
147 210
147 211
147 415
147 416
147 417
147 418
148 149
148 376
149 150
149 195
149 220
149 228
149 236
149 239
149 328
149 330
150 195
150 268
150 269
150 337
151 160
151 168
151 195
153 419
154 195
155 160
155 167
155 396
156 195
158 396
160 172
162 195
164 176
165 195
166 195
166 281
166 284
167 172
168 175
168 195
169 300
172 277
172 396
177 287
177 396
179 210
179 211
179 415
179 416
179 417
181 195
182 195
183 227
184 195
185 195
190 230
195 198
195 201
195 202
195 213
195 228
195 233
195 237
195 240
195 268
195 270
195 272
195 279
195 329
195 330
195 331
195 332
205 420
206 208
211 415
211 416
211 417
214 329
228 236
228 241
228 250
228 268
228 269
228 326
228 421
228 422
228 423
228 424
230 232
235 260
236 268
236 269
236 326
237 385
239 330
240 425
241 250
243 256
243 257
243 259
245 248
245 380
246 259
247 273
247 282
248 380
249 253
250 254
251 426
252 425
253 426
255 381
258 261
267 407
267 409
267 427
267 428
267 429
267 430
267 431
267 432
267 433
268 269
268 326
269 326
270 434
273 282
274 275
274 279
274 285
275 281
275 434
276 280
278 435
279 281
279 284
281 284
283 436
288 342
288 344
288 375
289 292
289 341
291 296
292 341
293 437
294 396
318 319
318 323
324 325
324 327
324 438
324 439
324 440
324 441
324 442
324 443
324 444
325 327
325 445
325 446
325 447
325 448
325 449
325 450
328 333
338 451
338 452
339 351
339 375
340 342
340 344
340 350
340 453
342 344
342 360
342 375
344 350
344 375
344 453
348 358
351 353
351 375
351 378
351 454
352 363
353 375
353 378
353 454
354 356
354 357
361 362
362 369
364 455
364 456
367 370
368 371
368 372
390 394
397 408
397 413
397 457
397 458
397 459
397 460
397 461
397 462
397 463
397 464
397 465
397 466
397 467
398 399
398 409
398 468
398 469
398 470
398 471
398 472
398 473
398 474
398 475
398 476
398 477
398 478
399 431
399 432
399 479
399 480
399 481
399 482
399 483
399 484
399 485
399 486
399 487
401 403
402 403
404 440
406 488
406 489
407 428
407 429
407 433
407 473
407 490
408 412
408 457
408 464
409 412
409 469
409 473
409 474
409 478
409 491
412 413
412 467
412 492
413 492
414 419
415 416
416 417
421 423
423 425
427 493
427 494
427 495
428 433
428 490
429 433
429 490
431 432
431 479
431 485
432 485
433 490
438 441
438 443
439 444
439 445
446 447
446 448
447 449
451 452
451 496
451 497
455 456
457 464
458 498
459 466
459 498
460 461
460 462
461 462
463 465
467 492
468 471
469 473
469 475
469 499
470 476
470 499
471 477
472 476
472 477
473 474
475 476
476 477
478 491
479 480
479 482
480 482
480 486
481 484
481 494
482 485
483 484
486 487
488 489
488 500
489 500
493 494
493 495
494 495
496 497
